age par Estimate Std. Error z value Pr(>|z^2|)
3 balpha 0.0111799717990004 0.0259416793455709 0.430965615219862 0.666493372329889
3 bh 6.58160218392275 0.819812800972142 8.02817689125885 9.89317680651817e-16
3 sigma 0.282236773302409 0.0553511623623824 5.09902161502252 3.41413567859489e-07
4 balpha 0.00396030206321842 0.00232510262318335 1.70328054500935 0.0885155796237941
4 bh 3.12231121688431 0.491795184271421 6.34880396706185 2.1699533171605e-10
4 sigma 0.323805585996271 0.0635034836971649 5.09902082758851 3.41414987970137e-07
5 balpha 0.00357414304475617 0.00139759533177886 2.55735187681759 0.0105472466360132
5 bh 2.04888861320796 0.326765311604265 6.27021455597251 3.60550940162115e-10
5 sigma 0.309593425785878 0.0607162469411873 5.09902112503372 3.41414451537067e-07
6 balpha 0.00491131343035877 0.00317213828173129 1.54826586805613 0.121558298563617
6 bh 1.88342941099619 0.411157312256476 4.58079998786772 4.63200675339207e-06
6 sigma 0.430181094893165 0.0843654256169557 5.09902121333822 3.41414292282854e-07
